
Major Routine Parallel Profiling - NonSetup CPU Seconds:

           D                                                              
           a                                                              
           t                                                              
           a                              D                               
           D         N                    i                               
           i         o                    h                               
           s         n             A      e      S      R      O         T
   T       t         B      B      n      d      h      u      t         o
   a       r         o      o      g      r      a      n      h         t
   s       i         n      n      l      a      k      M      e         a
   k       b         d      d      e      l      e      D      r         l
------------------------------------------------------------------------------
   0    96.2     328.9    0.0    0.0    0.0    0.0  108.6    0.0     533.7
   1    94.7     330.4    0.0    0.0    0.0    0.0  108.0    0.0     533.1
   2    93.1     330.8    0.0    0.0    0.0    0.0  107.5    0.0     531.4
   3    91.9     332.7    0.0    0.0    0.0    0.0  108.0    0.0     532.6
   4    89.8     334.7    0.0    0.0    0.0    0.0  108.3    0.0     532.8
   5    88.0     336.3    0.0    0.0    0.0    0.0  108.3    0.0     532.7
   6    86.8     338.2    0.0    0.0    0.0    0.0  108.1    0.0     533.2
   7    85.5     339.3    0.0    0.1    0.1    0.0  108.3    0.0     533.3
   8    83.6     341.0    0.0    0.1    0.1    0.0  108.5    0.0     533.3
   9    82.2     342.3    0.0    0.1    0.0    0.0  108.7    0.0     533.3
  10    80.6     343.8    0.0    0.1    0.0    0.0  108.9    0.0     533.3
  11    78.6     345.2    0.0    0.0    0.1    0.0  109.1    0.0     533.1
  12    76.6     347.1    0.0    0.0    0.1    0.0  109.2    0.0     533.0
  13    75.0     348.6    0.0    0.0    0.1    0.0  109.4    0.0     533.3
  14    73.2     350.4    0.0    0.0    0.1    0.0  109.5    0.0     533.3
  15    71.7     351.8    0.0    0.0    0.1    0.0  109.6    0.0     533.3
  16    70.9     352.7    0.0    0.0    0.0    0.0  109.3    0.0     533.0
  17    69.4     353.3    0.0    0.0    0.0    0.0  109.3    0.0     532.0
  18    60.8     318.4    0.0    0.0    0.0    0.0   94.0    0.0     473.2
  19    62.0     324.6    0.0    0.0    0.0    0.0   96.8    0.0     483.4
  20    56.1     308.5    0.0    0.0    0.2    0.0   91.2    0.0     456.0
  21    55.7     318.6    0.0    0.0    0.0    0.0   93.3    0.0     467.7
  22    58.9     364.6    0.0    0.1    0.1    0.0  109.5    0.0     533.2
  23    56.3     367.3    0.0    0.1    0.1    0.0  109.5    0.0     533.3
  24    53.5     369.8    0.0    0.1    0.1    0.0  109.8    0.0     533.3
  25    51.4     371.7    0.0    0.1    0.2    0.0  109.8    0.0     533.2
  26    47.7     374.0    0.0    0.1    0.1    0.0  111.4    0.0     533.3
  27    43.1     376.6    0.0    0.0    0.1    0.0  113.3    0.0     533.2
  28    40.1     379.4    0.0    0.0    0.1    0.0  113.5    0.0     533.2
  29    37.2     382.2    0.0    0.0    0.1    0.0  113.7    0.0     533.3
  30    31.9     385.0    0.0    0.1    0.1    0.0  116.2    0.0     533.3
  31    27.0     387.9    0.0    0.0    0.1    0.0  118.2    0.0     533.2
  32    85.9     281.7    0.0    0.0    0.0    0.0   97.9    0.0     465.5
  33    84.1     282.5    0.0    0.0    0.0    0.0   99.8    0.0     466.5
  34    81.0     281.0    0.0    0.0    0.1    0.0  102.7    0.0     464.7
  35    77.4     285.3    0.0    0.1    0.1    0.0  104.3    0.0     467.2
  36    47.1     167.8    0.0    0.0    0.0    0.0   49.8    0.0     264.7
  37    46.9     168.5    0.0    0.0    0.0    0.0   49.3    0.0     264.7
  38   111.8     320.9    0.0    0.0    0.3    0.0  100.2    0.0     533.3
  39   110.2     322.2    0.0    0.0    0.3    0.0  100.6    0.0     533.4
  40   108.8     318.0    0.0    0.1    0.3    0.0  106.2    0.0     533.4
  41   106.9     319.6    0.0    0.1    0.3    0.0  106.5    0.0     533.3
  42   105.6     320.9    0.0    0.1    0.3    0.0  106.5    0.0     533.3
  43   104.2     322.2    0.0    0.1    0.1    0.0  106.8    0.0     533.3
  44   102.6     323.7    0.0    0.1    0.1    0.0  106.8    0.0     533.4
  45   101.2     325.0    0.0    0.0    0.1    0.0  107.0    0.0     533.4
  46    99.7     326.3    0.0    0.0    0.1    0.0  107.2    0.0     533.3
  47    98.2     327.7    0.0    0.0    0.1    0.0  107.2    0.0     533.3
------------------------------------------------------------------------------
 avg    75.9     330.6    0.0    0.0    0.1    0.0  104.5    0.0     511.1
 min    27.0     167.8    0.0    0.0    0.0    0.0   49.3    0.0     264.7
 max   111.8     387.9    0.0    0.1    0.3    0.0  118.2    0.0     533.7
 std    22.6      42.8    0.0    0.0    0.1    0.0   12.7    0.0      56.9
------------------------------------------------------------------------------

GB NonBond Parallel Profiling - NonSetup CPU Seconds:

                                 O         D          
                                 f         i          
             R                   f         s         T
   T         a         D         D         t         o
   a         d         i         i         r         t
   s         i         a         a         i         a
   k         i         g         g         b         l
------------------------------------------------------
   0       9.2      17.2     124.0     178.5     328.9
   1       9.2      17.2     124.2     179.8     330.4
   2       9.2      17.2     123.9     180.5     330.8
   3       9.2      17.2     123.6     182.7     332.7
   4       9.2      17.2     123.9     184.5     334.7
   5       9.2      17.2     124.1     185.8     336.3
   6       9.4      17.4     128.3     183.0     338.2
   7       9.4      17.2     124.0     188.6     339.3
   8       9.7      17.3     124.3     189.6     340.9
   9       9.6      17.3     123.9     191.4     342.3
  10       9.6      17.2     124.1     192.9     343.8
  11       9.2      17.1     123.6     195.2     345.2
  12       9.2      17.1     123.2     197.6     347.1
  13       9.2      17.1     124.6     197.7     348.6
  14       9.2      17.1     123.2     200.8     350.4
  15       9.2      17.1     123.3     202.2     351.8
  16       9.2      17.2     123.6     202.8     352.7
  17       9.2      17.2     123.1     203.9     353.3
  18       9.2      17.1     121.9     170.1     318.4
  19       9.2      17.2     121.4     176.9     324.6
  20       9.2      17.2     126.6     155.5     308.5
  21       9.2      17.2     121.7     170.5     318.6
  22       9.4      17.2     124.3     213.6     364.6
  23       9.4      17.2     124.1     216.4     367.2
  24       9.4      17.2     124.3     218.8     369.7
  25       9.3      17.1     119.6     225.7     371.7
  26       9.4      17.1     118.9     228.5     373.9
  27       9.2      17.3     124.3     225.8     376.6
  28       9.1      17.1     123.4     229.7     379.4
  29       9.2      17.1     121.9     234.0     382.2
  30       9.2      17.1     119.9     238.9     385.0
  31       9.2      17.1     119.4     242.1     387.9
  32       9.0      17.2     121.5     133.9     281.7
  33       9.0      17.1     120.9     135.4     282.5
  34       9.0      17.2     125.6     129.2     281.0
  35       9.0      16.9     121.5     137.8     285.3
  36       9.0      17.2     125.7      15.9     167.8
  37       9.2      17.1     121.3      20.9     168.5
  38       9.5      17.2     119.3     175.0     320.9
  39       9.6      17.2     120.1     175.4     322.2
  40       9.5      17.2     119.6     171.7     318.0
  41       9.6      17.2     118.8     174.0     319.5
  42       9.7      17.2     119.0     174.9     320.9
  43       9.1      17.1     121.0     175.0     322.2
  44       9.2      17.1     119.2     178.2     323.7
  45       9.2      17.1     119.5     179.2     325.0
  46       9.2      17.1     119.5     180.5     326.3
  47       9.1      17.1     119.0     182.4     327.7
------------------------------------------------------
 avg       9.3      17.2     122.4       0.0     181.7
VUô…
------------------------------------------------------
